Total	Norte	Nordeste	Sudeste	Sul	Centro_Oeste
26978358,02	1574434,34	4457112,38	14929524,40	4510113,04	1507173,86
26508170,77	1507448,59	4139768,00	14714713,51	4690227,86	1456012,81
27284329,41	1574176,69	4372743,11	14903795,68	4898770,40	1534843,53
28046182,35	1598862,11	4461999,48	15501322,96	4873311,14	1610686,66
27244506,48	1625478,92	4423584,52	14906628,72	4723026,16	1565788,16
27082961,48	1641381,91	4409301,74	14898517,41	4556563,56	1577196,86
27346004,67	1665002,57	4376174,12	15094285,46	4598792,89	1611749,63
27656857,79	1729895,89	4438514,59	15189574,87	4653182,44	1645690,00
28232451,24	1687156,54	4570030,34	15593685,74	4654411,58	1727167,04
28556120,94	1724166,75	4657880,99	15839877,16	4590697,50	1743498,54
28367124,05	1719638,46	4708464,83	15804794,18	4529419,23	1604807,35
28562106,43	1740620,86	4770509,72	15750647,95	4665214,36	1635113,54
28375437,44	1687538,58	4775175,93	15518488,33	4809416,19	1584818,41
27838480,97	1619124,37	4526038,11	15157054,86	4966585,86	1569677,77
28598631,51	1669597,53	4692201,49	15516647,87	5069873,21	1650311,41
29355501,91	1651886,51	4675415,48	16304407,60	4997008,14	1726784,18
28482150,61	1689408,58	4738600,68	15581963,43	4799820,58	1672357,34
28326181,92	1692287,96	4575214,83	15633866,99	4760323,79	1664488,35
28322317,12	1718917,78	4643778,48	15509118,44	4724562,06	1725940,36
28764354,81	1725457,31	4739650,56	15838516,63	4743658,99	1717071,32
29335128,08	1752160,80	4763780,85	16391988,83	4654131,24	1773066,36
29145312,05	1796178,41	4849539,18	16074848,55	4668762,35	1755983,56
29287617,22	1787686,74	4919391,14	16089442,92	4748342,43	1742753,99
29505146,07	1774268,42	5005463,90	16116894,27	4948742,88	1659776,60
28880910,62	1727931,86	4913181,87	15695620,21	4927599,77	1616576,91
29383486,50	1646351,90	4704041,08	16178817,62	5187222,33	1667053,57
29897827,73	1741059,95	4976021,88	16273216,75	5211509,39	1696019,76
29887953,01	1733653,39	4856338,37	16494218,43	5062542,87	1741199,95
28925038,56	1753959,19	4793831,55	15885834,52	4807141,00	1684272,30
29068797,60	1761920,03	4769522,06	15969883,01	4879785,77	1687686,73
29113809,23	1812929,25	4760160,14	15981706,52	4847373,10	1711640,22
29886236,06	1851942,88	4939399,63	16352069,78	4957961,01	1784862,76
29916630,54	1886314,46	4950953,07	16434266,18	4841502,43	1803594,40
30143525,32	1899959,41	5141500,93	16453397,74	4852384,50	1796282,74
30531121,36	1871573,61	5132731,46	16722623,48	5043949,26	1760243,55
30493979,03	1864369,94	5122709,51	16689648,17	5074875,27	1742376,14
30699704,00	1833708,00	5184828,00	16699870,00	5203429,00	1777869,00
30324669,00	1752986,00	4883152,00	16615359,00	5351937,00	1721235,00
31312900,00	1820537,00	4985447,00	17288542,00	5424059,00	1794315,00
32030744,00	1832867,00	5117947,00	17761372,00	5404659,00	1913899,00
31382917,00	1889427,00	5132742,00	17290528,00	5219841,00	1850379,00
30766760,00	1899318,00	5079581,00	16890489,00	5114607,00	1782765,00
30500299,00	1912792,00	5131886,00	16589542,00	5056898,00	1809181,00
31181133,00	1950708,00	5212952,00	16970732,00	5194645,00	1852096,00
31735736,00	1964607,00	5148024,00	17585510,00	5157841,00	1879754,00
32135735,00	2006525,00	5440994,00	17488650,00	5240394,00	1959172,00
32654491,00	1995582,00	5502715,00	17983265,00	5294910,00	1878019,00
32304926,00	1991017,00	5546780,00	17621312,00	5333163,00	1812654,00
31855946,27	1890320,00	5505389,27	17157633,00	5491078,00	1811526,00
31730940,65	1836296,00	5284769,65	17088727,00	5689547,00	1831601,00
32118714,86	1900506,00	5365905,86	17293931,00	5723834,00	1834538,00
31952656,29	1888899,00	5266621,29	17284914,00	5604344,00	1907878,00
32299963,39	1933034,00	5436907,39	17577262,00	5382338,00	1970422,00
31742987,79	1980943,00	5241034,79	17180445,00	5368281,00	1972284,00
32150352,03	1998546,00	5334190,03	17451996,00	5419027,00	1946593,00
33013528,63	2066807,00	5400230,63	17983892,00	5520183,00	2042416,00
32964086,69	2112487,00	5461713,69	17869017,00	5412749,00	2108120,00
33673777,38	2151182,00	5685044,38	18231987,00	5481462,00	2124102,00
33410166,51	2081744,00	5585548,51	18164111,00	5441085,00	2137678,00
31559278,49	2032318,00	5535839,49	16659849,00	5366031,00	1965241,00
30666661,80	1981913,00	5340331,00	16124348,00	5279472,00	1940597,80
30495142,71	1804162,00	5098685,00	16190533,00	5465140,00	1936622,71
31977749,51	1882490,00	5391003,00	16931565,00	5742612,00	2030079,51
32042792,80	1919027,00	5307847,00	17027530,00	5671556,00	2116832,80
30945452,90	1923559,00	5189806,00	16500151,00	5266440,00	2065496,90
30715169,95	1993823,00	5122496,00	16330119,00	5261043,00	2007688,95
31324991,23	2023693,00	5257360,00	16655879,00	5315045,00	2073014,23
32262205,60	2074891,00	5501276,00	17158443,00	5392188,00	2135407,60
32716665,81	2089534,00	5581245,00	17516988,10	5362624,00	2166274,71
33419533,14	2135822,00	5779775,00	17858520,00	5440950,00	2204466,14
33616820,20	2132369,00	5705872,00	18058927,40	5591816,00	2127835,80
34123194,70	2121716,00	5968068,00	18201962,20	5739383,00	2092065,50
33360460,71	2065344,75	5739946,35	17684138,30	5798706,31	2072325,00
33729757,75	1976809,75	5589432,00	18113423,00	5979347,00	2070746,00
35116881,82	2107322,82	6118961,00	18521916,00	6199985,00	2168697,00
35025860,49	2146015,49	5884040,00	18825122,00	5982263,00	2188420,00
34296978,00	2175440,00	5959632,00	18240192,00	5730901,00	2190813,00
34169459,00	2198244,00	5905720,00	18212704,00	5652619,00	2200172,00
33849349,00	2195788,00	5844282,00	17936477,00	5706940,00	2165862,00
34713394,23	2228538,23	5833193,00	18656632,00	5755499,00	2239532,00
35182271,01	2279911,51	5896294,00	18980234,00	5711562,50	2314269,00
35188924,99	2325697,53	6123244,00	18818098,00	5628306,46	2293579,00
35077981,26	2262056,57	6136436,00	18709507,00	5758555,69	2211426,00
35956439,40	2260545,71	6165765,00	19306259,00	6029230,69	2194639,00
35873744,26	2215755,26	5988600,00	19247694,00	6285133,00	2136562,00
35444916,66	2063281,66	5502639,00	19218269,00	6504407,00	2156320,00
36350690,05	2235928,05	6026836,00	19390849,00	6435946,00	2261131,00
36048318,05	2218663,05	5966554,00	19369031,00	6183233,00	2310837,00
35565987,39	2262894,39	5899310,00	18908980,00	6147984,00	2346819,00
35159573,72	2323603,72	5809043,00	18737534,00	6011171,00	2278222,00
35417292,62	2351515,62	5936622,00	18731628,00	6081811,00	2315716,00
36335812,84	2406842,84	6092998,00	19249143,00	6177576,00	2409253,00
36965189,34	2419447,34	6093026,00	19753623,00	6133865,00	2565228,00
36743770,38	2476119,38	6216199,00	19385128,00	6118714,00	2547610,00
36368389,77	2369153,77	6137780,00	19378704,00	6045746,00	2437006,00
36741948,78	2415931,78	6244198,00	19297800,00	6344201,00	2439818,00
36305167,29	2368905,09	6297828,00	18915418,00	6353277,20	2369739,00
36900531,02	2321771,54	6010436,00	19339928,00	6812782,48	2415613,00
38623110,72	2439658,43	6407753,00	20230842,00	7026116,29	2518741,00
37995869,09	2361904,78	6271553,00	20295686,00	6534981,31	2531744,00
36810191,03	2430160,15	6436375,00	19244538,00	6141746,88	2557371,00
36528393,11	2382273,83	6135291,00	19343073,00	6180121,28	2487634,00
35917147,20	2397647,91	6111808,00	18762191,00	6188904,29	2456596,00
37179602,53	2490520,71	6323564,00	19393131,00	6391480,82	2580906,00
37661696,12	2455692,17	6288243,00	19904342,00	6340228,95	2673190,00
37796014,07	2505782,40	6427697,00	19837975,00	6251817,67	2772742,00
38643584,23	2484061,67	6421108,00	20485581,00	6543891,56	2708942,00
37765084,44	2410373,03	6478746,00	19506176,00	6725279,41	2644510,00
38366809,74	2392452,74	6659728,00	20089886,00	6617103,00	2607640,00
38005651,72	2266205,72	6452494,00	19775484,00	6952735,00	2558733,00
38442191,55	2378191,55	6705944,00	19907218,00	6833953,00	2616885,00
38653663,43	2461104,43	6852552,00	20097448,00	6572123,00	2670436,00
38344861,57	2454163,57	6660227,00	19911821,00	6613672,00	2704978,00
37627698,01	2449533,01	6384530,00	19652655,00	6498366,00	2642614,00
37697945,03	2562520,03	6534919,00	19331509,00	6544154,00	2724843,00
38613276,26	2559396,26	6580762,00	19838087,00	6797218,00	2837813,00
38524724,16	2571187,16	6536720,00	20027335,00	6572961,00	2816521,00
39389004,38	2720586,38	6832552,00	20325563,00	6654874,00	2855429,00
39920289,54	2641605,54	6759701,00	20765973,00	6849526,00	2903484,00
39556378,24	2738735,24	6733760,00	20381824,00	6885986,00	2816073,00
40279759,00	2600972,00	6886428,00	20704340,00	7333087,00	2754932,00
41653487,00	2476973,00	6620899,00	21763013,00	8019594,00	2773008,00
40269429,00	2612667,00	6857552,00	20782600,00	7281924,00	2734686,00
39591854,00	2601327,00	6683649,00	20451575,00	7007480,00	2847823,00
39100499,00	2707327,00	6683419,00	20068194,00	6794930,00	2846629,00
37726472,88	2643397,00	6378157,88	19293127,00	6627215,00	2784576,00
37866809,00	2821879,00	6554674,00	19111350,00	6639960,00	2738946,00
38550694,00	2657952,00	6652720,00	19438306,00	6872774,00	2928942,00
38894976,00	2836892,00	6721395,00	19529007,00	6787415,00	3020267,00
40100440,59	2825876,00	6929490,59	20304956,00	6922704,00	3117414,00
40950726,39	2762256,00	6919617,39	20968110,00	7264836,00	3035907,00
39838307,03	2816133,00	6859202,03	20098588,00	7266585,00	2797799,00
40738291,74	2720657,89	6905457,28	20943263,25	7330738,32	2838175,00
40699842,98	2565453,00	6689281,81	20869826,87	7665269,30	2910012,00
39735951,44	2709350,00	6841732,03	20150053,41	7278854,00	2755962,00
39573744,46	2646878,00	6671252,84	20215138,02	7236051,60	2804424,00
38179073,88	2718412,00	6653755,95	19296451,63	6683610,30	2826844,00
37240557,10	2693038,00	6435715,46	18752590,64	6567886,00	2791327,00
36792495,92	2833640,00	6215489,45	18532921,47	6446540,00	2763905,00
37836828,47	2891977,49	6333882,31	19084994,17	6648543,50	2877431,00
37818309,05	2964444,00	6385462,69	18919408,01	6494009,35	3054985,00
39252000,52	3050012,00	6634595,74	19814545,94	6561338,84	3191508,00
39201262,49	2958108,00	6654705,85	19836832,10	6636695,54	3114921,00
38645417,47	2962634,00	6792624,31	19359381,94	6604791,22	2925986,00
38376549,11	2734717,00	6534573,10	19314000,68	6978391,33	2814867,00
38693924,07	2708798,60	6277836,91	19495060,04	7406977,52	2805251,00
39427420,71	2863718,00	6792208,50	19611353,62	7259987,59	2900153,00
40248709,40	2727271,00	6608878,72	20520225,20	7326166,48	3066168,00
38626336,87	2862447,00	6721517,93	19303127,16	6859486,78	2879758,00
37527874,44	2818826,00	6596044,78	18651588,86	6644135,80	2817279,00
37232054,08	2900857,00	6463675,80	18388987,38	6665439,90	2813094,00
37668458,76	2932615,00	6518965,20	18711601,76	6609796,80	2895480,00
38319671,43	2919161,00	6623803,93	19239375,00	6587723,50	2949608,00
38175488,11	2946530,00	6681298,02	19147567,90	6452385,19	2947707,00
38728525,32	2953991,00	6818248,90	19361478,46	6690297,96	2904509,00
38754623,81	2896559,00	6864368,53	19268368,88	6944869,40	2780458,00
39342315,85	2768205,00	6706105,29	19686157,26	7307446,30	2874402,00
38813276,99	2552629,00	6341433,77	19583907,14	7520745,57	2814561,51
40518867,04	2795464,00	6789017,53	20172690,96	7845156,26	2916538,29
39408438,43	2721049,00	6561330,60	19877597,32	7275839,72	2972621,79
38127628,99	2934453,00	6672437,97	18885259,02	6691196,25	2944282,75
38087867,68	2891844,00	6591857,91	18859514,27	6804976,20	2939675,30
37353355,38	2882108,00	6381978,18	18492331,66	6751139,17	2845798,37
37838292,59	3041036,00	6503728,60	18501817,09	6880099,30	2911611,60
38982223,20	2992579,00	6504407,81	19349465,89	6981237,50	3154533,00
39311992,89	3047409,00	6870831,48	19442583,31	6878050,10	3073119,00
39799807,83	2965901,00	6905448,18	19915401,05	6932667,60	3080390,00
39577111,84	2917594,00	6902678,04	19748006,10	7128627,70	2880206,00
40003644,79	2812595,75	6715759,24	20078364,46	7505718,32	2891207,02
39100842,44	2650238,67	6352811,92	19689599,59	7529567,53	2878624,73
41036995,60	2868036,25	6582244,52	20852952,93	7732145,06	3001616,84
40622115,05	2678896,39	6666062,47	20732785,77	7482515,07	3061855,35
39192049,51	2666862,55	6656483,17	19736423,81	7148015,67	2984264,31
38134883,58	2583670,15	6597092,78	19179160,04	6860097,86	2914862,75
38438004,92	2658262,79	6520930,50	19272778,68	7009361,93	2976671,02
38939067,05	2688772,93	6688453,64	19378187,37	7093113,40	3090539,71
38961360,65	2688898,93	6637228,26	19599718,17	6906128,27	3129387,02
40321034,99	2828209,80	7054059,65	20110168,82	7040952,42	3287644,30
40303503,09	2723342,94	7184839,02	20129408,67	7125680,07	3140232,39
39766608,46	2584934,38	6849468,52	19993839,69	7229572,62	3108793,25
41631607,05	2565996,63	6976749,51	21043618,84	7917056,04	3128186,03
41195735,58	2410107,17	6810659,79	20710106,72	8073796,91	3191064,99
40982099,00	2599358,08	7057927,55	20600998,62	7692596,89	3031217,86
39570709,74	2567789,96	6770602,85	19867884,97	7308056,06	3056375,90
40498880,32	2688926,85	7060032,05	20298940,34	7309530,14	3141450,94
38212593,38	2719972,47	6381540,93	19071366,11	6996845,52	3042868,35
